Signature	A_Ratio	C_Ratio	G_Ratio	T_Ratio	Mismatch
m1A_AAAAA	0.451737451737	0.0583011583012	0.0374517374517	0.45250965251	0.548262548263
m1A_ACAAA	0.35458574838	0.303443573133	0.0156836004091	0.326287078077	0.64541425162
m1A_AGAAA	0.299774913035	0.100982197667	0.449560057295	0.149682832003	0.700225086965
m1A_ATAAA	0.372768638432	0.0686034301715	0.022401120056	0.536226811341	0.627231361568
m1A_CAAAA	0.486602712537	0.0347337082369	0.0307641415812	0.447899437645	0.513397287463
m1A_CCAAA	0.536476256022	0.137302133517	0.0323468685478	0.293874741913	0.463523743978
m1A_CGAAA	0.314318034906	0.0859728506787	0.472365869425	0.12734324499	0.685681965094
m1A_CTAAA	0.423232323232	0.0390572390572	0.0218855218855	0.515824915825	0.576767676768
m1A_GAAAA	0.441246290801	0.0527200791296	0.0266073194857	0.479426310584	0.558753709199
m1A_GCAAA	0.336561032864	0.261957159624	0.0081426056338	0.393339201878	0.663438967136
m1A_GGAAA	0.459436345967	0.146044703596	0.187288629738	0.2072303207	0.540563654033
m1A_GTAAA	0.359224001154	0.0625991634213	0.0111784220395	0.566998413385	0.640775998846
m1A_TAAAA	0.464210526316	0.0642105263158	0.0273684210526	0.444210526316	0.535789473684
m1A_TCAAA	0.352103559871	0.283171521036	0.0161812297735	0.34854368932	0.647896440129
m1A_TGAAA	0.298806449361	0.0944370768479	0.46394918685	0.142807286941	0.701193550639
m1A_TTAAA	0.59324055666	0.0687872763419	0.0266401590457	0.311332007952	0.40675944334
m1A_AAAAC	0.166732673267	0.0645544554455	0.0308910891089	0.737821782178	0.833267326733
m1A_ACAAC	0.144823271817	0.170159524554	0.0190803878636	0.665936815765	0.855176728183
m1A_AGAAC	0.132047134935	0.172597042514	0.256353974122	0.439001848429	0.867952865065
m1A_ATAAC	0.156306797528	0.0676117775354	0.0174482006543	0.758633224282	0.843693202472
m1A_CAAAC	0.212645590682	0.0602329450915	0.0359400998336	0.691181364393	0.787354409318
m1A_CCAAC	0.16193999178	0.175092478422	0.0143855322647	0.648581997534	0.83806000822
m1A_CGAAC	0.135627530364	0.130145074224	0.257000674764	0.477226720648	0.864372469636
m1A_CTAAC	0.16862745098	0.0411764705882	0.0114379084967	0.778758169935	0.83137254902
m1A_GAAAC	0.209319962922	0.0721328052583	0.0278082076346	0.690739024185	0.790680037078
m1A_GCAAC	0.11316915737	0.181014523258	0.0073668701326	0.698449449239	0.88683084263
m1A_GGAAC	0.1670371068	0.186475795818	0.122132228292	0.52435486909	0.8329628932
m1A_GTAAC	0.153898443342	0.067636462511	0.00917680647135	0.769288287676	0.846101556658
m1A_TAAAC	0.222415593456	0.0817960320223	0.0264531848242	0.669335189697	0.777584406544
m1A_TCAAC	0.156765044078	0.153315446531	0.0111153698735	0.678804139517	0.843234955922
m1A_TGAAC	0.143180433458	0.141961876578	0.285664548699	0.429193141266	0.856819566542
m1A_TTAAC	0.262072198781	0.0815752461322	0.0178152836381	0.638537271449	0.737927801219
m1A_AAAAG	0.161677979303	0.0670969177701	0.0392789584956	0.731946144431	0.838322020697
m1A_ACAAG	0.146195176809	0.2001749344	0.0202424090966	0.633387479695	0.853804823191
m1A_AGAAG	0.109727164887	0.1982893176	0.364456514953	0.32752700256	0.890272835113
m1A_ATAAG	0.146344029458	0.0663861125723	0.020410310363	0.766859547607	0.853655970542
m1A_CAAAG	0.233731869855	0.0478243825951	0.0422383379067	0.676205409643	0.766268130145
m1A_CCAAG	0.149953264788	0.160769128054	0.0229670182935	0.666310588864	0.850046735212
m1A_CGAAG	0.117392464352	0.16464589571	0.392227195921	0.325734444016	0.882607535648
m1A_CTAAG	0.178583017847	0.0521362898864	0.0173066522445	0.751974040022	0.821416982153
m1A_GAAAG	0.224666033201	0.0655077972165	0.0342071432564	0.675619026326	0.775333966799
m1A_GCAAG	0.121887533985	0.184177232227	0.0127325096234	0.681202724165	0.878112466015
m1A_GGAAG	0.143148357871	0.221334196193	0.225831850294	0.409685595643	0.856851642129
m1A_GTAAG	0.142959818521	0.065943444961	0.011679356737	0.779417379781	0.857040181479
m1A_TAAAG	0.223644426527	0.0673251360613	0.0385003023584	0.670530135053	0.776355573473
m1A_TCAAG	0.133448499244	0.174152450875	0.0186784711725	0.673720578709	0.866551500756
m1A_TGAAG	0.11001923992	0.186234147754	0.388729130894	0.315017481432	0.88998076008
m1A_TTAAG	0.215482573727	0.0774128686327	0.0203306523682	0.686773905273	0.784517426273
m1A_AAAAT	0.174233604967	0.106325184323	0.0562669771052	0.663174233605	0.825766395033
m1A_ACAAT	0.134959969501	0.370186808997	0.0259245139154	0.468928707587	0.865040030499
m1A_AGAAT	0.108108108108	0.156831572056	0.488730945478	0.246329374357	0.891891891892
m1A_ATAAT	0.168076498713	0.107760205958	0.0290547995587	0.695108495771	0.831923501287
m1A_CAAAT	0.2362895644	0.0689439047321	0.0573487934817	0.637417737386	0.7637104356
m1A_CCAAT	0.161496350365	0.22901459854	0.0223540145985	0.587135036496	0.838503649635
m1A_CGAAT	0.107519386599	0.117103772763	0.532543347565	0.242833493073	0.892480613401
m1A_CTAAT	0.179986101459	0.0938151494093	0.0170257123002	0.709173036831	0.820013898541
m1A_GAAAT	0.249127399651	0.114485165794	0.0452006980803	0.591186736475	0.750872600349
m1A_GCAAT	0.114599686028	0.380354339538	0.0131569111161	0.491889063318	0.885400313972
m1A_GGAAT	0.151988298126	0.236622784638	0.301323264279	0.310065652958	0.848011701874
m1A_GTAAT	0.162010782049	0.131484982147	0.0146327802282	0.691871455577	0.837989217951
m1A_TAAAT	0.211625794732	0.0996064184075	0.0490463215259	0.639721465335	0.788374205268
m1A_TCAAT	0.133910034602	0.373010380623	0.0173010380623	0.475778546713	0.866089965398
m1A_TGAAT	0.111644901549	0.128763786454	0.509439068949	0.250152243048	0.888355098451
m1A_TTAAT	0.256617317183	0.150740242261	0.0278151637506	0.564827276806	0.743382682817
m1A_AAACA	0.168248490078	0.0250215703192	0.206212251941	0.600517687662	0.831751509922
m1A_ACACA	0.131313131313	0.207070707071	0.0947940947941	0.566822066822	0.868686868687
m1A_AGACA	0.0924487594391	0.0775620280475	0.671089536138	0.158899676375	0.907551240561
m1A_ATACA	0.164705882353	0.032860040568	0.129817444219	0.67261663286	0.835294117647
m1A_CAACA	0.187325256291	0.0285803044424	0.189499844672	0.594594594595	0.812674743709
m1A_CCACA	0.118991331757	0.306540583136	0.0776201733649	0.496847911742	0.881008668243
m1A_CGACA	0.0950064604393	0.0715208634187	0.668009424641	0.165463251501	0.904993539561
m1A_CTACA	0.126017583849	0.0309345490068	0.06903288831	0.774014978834	0.873982416151
m1A_GAACA	0.194918432402	0.0552222013876	0.174667166698	0.575192199512	0.805081567598
m1A_GCACA	0.110098522167	0.308456486043	0.0582922824302	0.52315270936	0.889901477833
m1A_GGACA	0.146227638061	0.168784029038	0.394607207674	0.290381125227	0.853772361939
m1A_GTACA	0.0872283722837	0.0872283722837	0.070315703157	0.755227552276	0.912771627716
m1A_TAACA	0.187665531593	0.0310253499811	0.199772985244	0.581536133182	0.812334468407
m1A_TCACA	0.151476251605	0.252032520325	0.11296534018	0.48352588789	0.848523748395
m1A_TGACA	0.0866748254265	0.0762364120654	0.675833273342	0.161255489166	0.913325174573
m1A_TTACA	0.324081632653	0.08	0.208163265306	0.387755102041	0.675918367347
m1A_AAACC	0.164109716411	0.0529986052999	0.143654114365	0.639237563924	0.835890283589
m1A_ACACC	0.108120233288	0.150740242261	0.0515926424406	0.68954688201	0.891879766712
m1A_AGACC	0.106430155211	0.124168514412	0.316421025173	0.452980305204	0.893569844789
m1A_ATACC	0.159915833772	0.0668069437138	0.0783798001052	0.694897422409	0.840084166228
m1A_CAACC	0.15731092437	0.0551260504202	0.12268907563	0.66487394958	0.84268907563
m1A_CCACC	0.120993227991	0.200451467269	0.0496613995485	0.628893905192	0.879006772009
m1A_CGACC	0.103455182774	0.12308462694	0.272809213821	0.500650976465	0.896544817226
m1A_CTACC	0.103602058319	0.0614065180103	0.0476843910806	0.78730703259	0.896397941681
m1A_GAACC	0.149572649573	0.117114367114	0.108567358567	0.624745624746	0.850427350427
m1A_GCACC	0.0891332089919	0.424364385982	0.0226759595563	0.46382644547	0.910866791008
m1A_GGACC	0.11054548157	0.273446789536	0.160523186683	0.455484542212	0.88945451843
m1A_GTACC	0.0950435729847	0.169117647059	0.0396695715323	0.696169208424	0.904956427015
m1A_TAACC	0.170244263509	0.059585492228	0.137675795707	0.632494448557	0.829755736491
m1A_TCACC	0.155373831776	0.229556074766	0.0817757009346	0.533294392523	0.844626168224
m1A_TGACC	0.0969726404403	0.132993362474	0.312449409098	0.457584587988	0.90302735956
m1A_TTACC	0.276612903226	0.123387096774	0.106451612903	0.493548387097	0.723387096774
m1A_AAACG	0.126665769283	0.0249024094764	0.163952079688	0.684479741553	0.873334230717
m1A_ACACG	0.13083284111	0.10838747785	0.0733904311872	0.687389249852	0.86916715889
m1A_AGACG	0.0930349509681	0.13279931032	0.426128812098	0.348036926614	0.906965049032
m1A_ATACG	0.14001438504	0.0274514504915	0.0861903620235	0.746343802445	0.85998561496
m1A_CAACG	0.138515148582	0.023618236376	0.145968444487	0.691898170555	0.861484851418
m1A_CCACG	0.112911939492	0.167477039438	0.0723933009184	0.647217720151	0.887088060508
m1A_CGACG	0.097100292631	0.141032949493	0.433663968381	0.328202789496	0.902899707369
m1A_CTACG	0.0981614539307	0.0262045646661	0.0624471682164	0.813186813187	0.901838546069
m1A_GAACG	0.1820616821	0.054335348588	0.153631284916	0.609971684396	0.8179383179
m1A_GCACG	0.0967042217042	0.231610981611	0.0472027972028	0.624481999482	0.903295778296
m1A_GGACG	0.113090091648	0.209248371664	0.260043806559	0.417617730129	0.886909908352
m1A_GTACG	0.108102337829	0.062484432267	0.0540155855247	0.77539764438	0.891897662171
m1A_TAACG	0.157382756502	0.0252918287938	0.150317427811	0.667007986893	0.842617243498
m1A_TCACG	0.160210495542	0.131852068411	0.0942844613361	0.613652974711	0.839789504458
m1A_TGACG	0.0897358642161	0.149317063373	0.411871045496	0.349076026916	0.910264135784
m1A_TTACG	0.239925218114	0.0627336933943	0.152264229331	0.545076859161	0.760074781886
m1A_AAACT	0.143728222997	0.0461672473868	0.284407665505	0.525696864111	0.856271777003
m1A_ACACT	0.131465517241	0.345689655172	0.0719827586207	0.450862068966	0.868534482759
m1A_AGACT	0.0899305215775	0.0664448576182	0.685487816812	0.158136803993	0.910069478423
m1A_ATACT	0.172101449275	0.0778985507246	0.0905797101449	0.659420289855	0.827898550725
m1A_CAACT	0.198218262806	0.0425946547884	0.238585746102	0.520601336303	0.801781737194
m1A_CCACT	0.127059685097	0.393994873673	0.0476016111315	0.431343830099	0.872940314903
m1A_CGACT	0.0882352941176	0.0684667309547	0.675908068145	0.167389906782	0.911764705882
m1A_CTACT	0.114987864078	0.0703883495146	0.0597694174757	0.754854368932	0.885012135922
m1A_GAACT	0.192636699094	0.156407245891	0.204377725595	0.44657832942	0.807363300906
m1A_GCACT	0.0978821717366	0.486484405083	0.037042741625	0.378590681556	0.902117828263
m1A_GGACT	0.139734530806	0.235455325893	0.412368751238	0.212441392062	0.860265469194
m1A_GTACT	0.127918612408	0.22281521014	0.0549533022015	0.59431287525	0.872081387592
m1A_TAACT	0.187016081001	0.0631328171531	0.2438951757	0.505955926147	0.812983918999
m1A_TCACT	0.150256849315	0.418664383562	0.0710616438356	0.360017123288	0.849743150685
m1A_TGACT	0.0908034020682	0.072018601236	0.690387321789	0.146790674907	0.909196597932
m1A_TTACT	0.281315605318	0.191042687194	0.15955213436	0.368089573128	0.718684394682
m1A_AAAGA	0.124519510775	0.039079790332	0.0256843331392	0.810716365754	0.875480489225
m1A_ACAGA	0.117498979453	0.125595319091	0.0200027214587	0.736902979997	0.882501020547
m1A_AGAGA	0.114222187242	0.132324583842	0.37922553225	0.374227696667	0.885777812758
m1A_ATAGA	0.123254154348	0.0420022428382	0.0161076562341	0.81863594658	0.876745845652
m1A_CAAGA	0.152227145522	0.0475163246269	0.0457672574627	0.754489272388	0.847772854478
m1A_CCAGA	0.0965743665985	0.291581490429	0.0160441058044	0.595800037168	0.903425633401
m1A_CGAGA	0.10265754957	0.114276435672	0.426579104047	0.356486910711	0.89734245043
m1A_CTAGA	0.133046350986	0.0424967464211	0.00996095705276	0.81449594554	0.866953649014
m1A_GAAGA	0.155942064302	0.0518283860552	0.026348253857	0.765881295786	0.844057935698
m1A_GCAGA	0.105598740845	0.126590003855	0.0109051779519	0.756906077348	0.894401259155
m1A_GGAGA	0.147514491214	0.196056265364	0.117485053564	0.538944189858	0.852485508786
m1A_GTAGA	0.122197258013	0.0438924297308	0.00993855747627	0.82397175478	0.877802741987
m1A_TAAGA	0.152756993208	0.0549096350869	0.0261885576148	0.76614481409	0.847243006792
m1A_TCAGA	0.0902668759812	0.104722658294	0.0114468864469	0.793563579278	0.909733124019
m1A_TGAGA	0.113312914376	0.12601941031	0.378058230931	0.382609444383	0.886687085624
m1A_TTAGA	0.213566843648	0.0630794833188	0.0213963071559	0.701957365877	0.786433156352
m1A_AAAGC	0.1199220723	0.0256872790245	0.0338408254564	0.82054982322	0.8800779277
m1A_ACAGC	0.126326815642	0.0584497206704	0.0201815642458	0.795041899441	0.873673184358
m1A_AGAGC	0.135192554124	0.104302960815	0.161023807918	0.599480677143	0.864807445876
m1A_ATAGC	0.123730625334	0.0288615713522	0.0190406199893	0.828367183324	0.876269374666
m1A_CAAGC	0.145526503601	0.0330889508856	0.125413611886	0.695970933627	0.854473496399
m1A_CCAGC	0.101436731868	0.269113149847	0.022618429404	0.606831688881	0.898563268132
m1A_CGAGC	0.12987403809	0.0952882507201	0.231159451442	0.543678259748	0.87012596191
m1A_CTAGC	0.137907174792	0.0295401319991	0.0134128166915	0.819139876517	0.862092825208
m1A_GAAGC	0.15852976199	0.0315768331349	0.0430397543865	0.766853650489	0.84147023801
m1A_GCAGC	0.11020820421	0.0276381332782	0.0139797534605	0.848173909051	0.88979179579
m1A_GGAGC	0.150271306951	0.125806904294	0.0454322200393	0.678489568716	0.849728693049
m1A_GTAGC	0.120337083404	0.0300816274742	0.0108695652174	0.838711723905	0.879662916596
m1A_TAAGC	0.14661527017	0.0432812605667	0.0371272063299	0.772976262934	0.85338472983
m1A_TCAGC	0.117637795276	0.0242519685039	0.0177952755906	0.84031496063	0.882362204724
m1A_TGAGC	0.136067679497	0.097444301723	0.188665455995	0.577822562785	0.863932320503
m1A_TTAGC	0.210198129337	0.0434476516142	0.0224278386805	0.723926380368	0.789801870663
m1A_AAAGG	0.107110711071	0.040019386554	0.0502665651181	0.802603337257	0.892889288929
m1A_ACAGG	0.0810345258007	0.0816336720174	0.0312304965424	0.806101305639	0.918965474199
m1A_AGAGG	0.109745992527	0.175326925395	0.218987284561	0.495939797517	0.890254007473
m1A_ATAGG	0.11442884018	0.0399658747867	0.0267751673448	0.818830117688	0.88557115982
m1A_CAAGG	0.156583629893	0.0409137871657	0.143037538744	0.659465044197	0.843416370107
m1A_CCAGG	0.0699072394673	0.230813079753	0.0241229206612	0.675156760118	0.930092760533
m1A_CGAGG	0.112598493032	0.154540454211	0.229226171148	0.50363488161	0.887401506968
m1A_CTAGG	0.122154467559	0.0427050449991	0.0194113840905	0.815729103351	0.877845532441
m1A_GAAGG	0.145212622224	0.0440456769984	0.0469079954763	0.763833705301	0.854787377776
m1A_GCAGG	0.088346319853	0.0565661457814	0.0199213686415	0.835166165724	0.911653680147
m1A_GGAGG	0.115037811967	0.188507029242	0.110406521643	0.586048637148	0.884962188033
m1A_GTAGG	0.104786454812	0.0229356828938	0.0171075614154	0.855170300879	0.895213545188
m1A_TAAGG	0.152532913929	0.0545648258542	0.0450013951955	0.747900865021	0.847467086071
m1A_TCAGG	0.0754806928333	0.0613697759415	0.0240584776736	0.839091053552	0.924519307167
m1A_TGAGG	0.107289728349	0.169821446279	0.217875204891	0.505013620481	0.892710271651
m1A_TTAGG	0.167861686134	0.0514340233607	0.0272927026714	0.753411587834	0.832138313866
m1A_AAAGT	0.118651224514	0.0469899867294	0.0517553384003	0.782603450356	0.881348775486
m1A_ACAGT	0.125410586398	0.112756448226	0.0239082440364	0.73792472134	0.874589413602
m1A_AGAGT	0.121603080464	0.120053996636	0.327918916527	0.430424006373	0.878396919536
m1A_ATAGT	0.135604576848	0.0450469023812	0.0216472528605	0.797701267911	0.864395423152
m1A_CAAGT	0.161898235395	0.05076808863	0.120552795386	0.666780880589	0.838101764605
m1A_CCAGT	0.10622848537	0.267695783133	0.0200623924269	0.606013339071	0.89377151463
m1A_CGAGT	0.117245646905	0.103116351823	0.361397115699	0.418240885573	0.882754353095
m1A_CTAGT	0.140837842881	0.0462772905393	0.0127355849972	0.800149281582	0.859162157119
m1A_GAAGT	0.156464872511	0.0607353640295	0.0546595085978	0.728140254861	0.843535127489
m1A_GCAGT	0.113041554419	0.119926079205	0.0143807181249	0.752651648252	0.886958445581
m1A_GGAGT	0.150422468166	0.181587808276	0.111136778881	0.556852944677	0.849577531834
m1A_GTAGT	0.128605994673	0.0510466294032	0.0127921371497	0.807555238774	0.871394005327
m1A_TAAGT	0.11271242919	0.0410279906698	0.0321142952349	0.513287237587	0.586429523492
m1A_TCAGT	0.122090523859	0.0921820303384	0.0197752256955	0.765952220107	0.877909476141
m1A_TGAGT	0.121185971539	0.119525220619	0.329561366375	0.429727441467	0.878814028461
m1A_TTAGT	0.205072777057	0.0861795647788	0.0219772301484	0.686770428016	0.794927222943
m1A_AAATA	0.202429149798	0.0346378767431	0.0260908681961	0.736842105263	0.797570850202
m1A_ACATA	0.180502341422	0.242230736484	0.0183056619838	0.558961260111	0.819497658578
m1A_AGATA	0.122141119221	0.0813625304136	0.614598540146	0.181897810219	0.877858880779
m1A_ATATA	0.231653404067	0.0406719717065	0.0247568523431	0.702917771883	0.768346595933
m1A_CAATA	0.259317751105	0.0262160454833	0.0319014529375	0.682564750474	0.740682248895
m1A_CCATA	0.111596736597	0.486888111888	0.0113636363636	0.390151515152	0.888403263403
m1A_CGATA	0.0916119620715	0.0636761487965	0.699489423778	0.145222465354	0.908388037929
m1A_CTATA	0.147511636233	0.0340136054422	0.0143215180809	0.804153240243	0.852488363767
m1A_GAATA	0.248542761586	0.0624940277114	0.0243669374104	0.664596273292	0.751457238414
m1A_GCATA	0.11154704208	0.35056542811	0.00638510654666	0.531502423263	0.88845295792
m1A_GGATA	0.242926456959	0.239709971106	0.155699721965	0.36166384997	0.757073543041
m1A_GTATA	0.153938609467	0.0716531065089	0.00776627218935	0.766642011834	0.846061390533
m1A_TAATA	0.280113034264	0.0349699752738	0.0296714941717	0.655245496291	0.719886965736
m1A_TCATA	0.169811320755	0.313734093901	0.0131636682756	0.503290917069	0.830188679245
m1A_TGATA	0.108058964868	0.0802649522696	0.644717189428	0.166958893435	0.891941035132
m1A_TTATA	0.452870304748	0.0637845499646	0.0531537916371	0.43019135365	0.547129695252
m1A_AAATC	0.168098159509	0.0364008179959	0.0286298568507	0.766871165644	0.831901840491
m1A_ACATC	0.165340086831	0.075976845152	0.0133863965268	0.745296671491	0.834659913169
m1A_AGATC	0.128023661139	0.0984472377733	0.258793704447	0.514735396641	0.871976338861
m1A_ATATC	0.164514785506	0.0387338608913	0.0179092044981	0.778842149105	0.835485214494
m1A_CAATC	0.179922549896	0.0274054215073	0.0354483169497	0.757223711647	0.820077450104
m1A_CCATC	0.100547017452	0.361031518625	0.00963792654337	0.52878353738	0.899452982548
m1A_CGATC	0.107042929091	0.0785034774962	0.332160844192	0.482292749221	0.892957070909
m1A_CTATC	0.158456973294	0.0225519287834	0.00979228486647	0.809198813056	0.841543026706
m1A_GAATC	0.184749955823	0.0760735112211	0.0217352889203	0.717441244036	0.815250044177
m1A_GCATC	0.0994961269459	0.280664811612	0.00564037000827	0.614198691434	0.900503873054
m1A_GGATC	0.145153723454	0.243987114128	0.0511368967566	0.559722265662	0.854846276546
m1A_GTATC	0.136522257213	0.0808579453571	0.00689420376202	0.775725593668	0.863477742787
m1A_TAATC	0.173844205193	0.0278657378087	0.0262824572514	0.772007599747	0.826155794807
m1A_TCATC	0.157432174245	0.086740542606	0.0145204432556	0.741306839893	0.842567825755
m1A_TGATC	0.122670164297	0.0938147176584	0.294905425928	0.488609692117	0.877329835703
m1A_TTATC	0.382545454545	0.0501818181818	0.0203636363636	0.546909090909	0.617454545455
m1A_AAATG	0.166328600406	0.0371872887086	0.0247915258057	0.77169258508	0.833671399594
m1A_ACATG	0.150652870165	0.138334565164	0.00381867455038	0.707193890121	0.849347129835
m1A_AGATG	0.119038601602	0.131536780772	0.44396212673	0.305462490896	0.880961398398
m1A_ATATG	0.184011523227	0.0360100828232	0.0177649741928	0.762213419758	0.815988476773
m1A_CAATG	0.208883845343	0.03153116641	0.0388262948853	0.720758693361	0.791116154657
m1A_CCATG	0.121718377088	0.316754176611	0.00458233890215	0.556945107399	0.878281622912
m1A_CGATG	0.104043309085	0.110592841434	0.513715349107	0.271648500375	0.895956690915
m1A_CTATG	0.150044843049	0.0307623318386	0.00995515695067	0.809237668161	0.849955156951
m1A_GAATG	0.178902124524	0.0728478447747	0.0252241188751	0.723025911826	0.821097875476
m1A_GCATG	0.100052514441	0.285753582235	0.00187551576684	0.612318387557	0.899947485559
m1A_GGATG	0.177335994269	0.281700951796	0.109367004401	0.431596049534	0.822664005731
m1A_GTATG	0.140659232455	0.0791423577776	0.00699111340866	0.773207296359	0.859340767545
m1A_TAATG	0.203867028494	0.0343453188602	0.0307835820896	0.731004070556	0.796132971506
m1A_TCATG	0.161657286553	0.1677643396	0.00431086097473	0.666267512873	0.838342713447
m1A_TGATG	0.108351622964	0.12546686689	0.472604058373	0.293577451773	0.891648377036
m1A_TTATG	0.381020700963	0.0752203320353	0.0295142447223	0.514244722279	0.618979299037
m1A_AAATT	0.214027849407	0.0453842186694	0.0479628674575	0.692625064466	0.785972150593
m1A_ACATT	0.144849302744	0.216824111561	0.0157444894287	0.622582096266	0.855150697256
m1A_AGATT	0.107422640031	0.063258911085	0.597826086957	0.231492361927	0.892577359969
m1A_ATATT	0.238317757009	0.043808411215	0.0251168224299	0.692757009346	0.761682242991
m1A_CAATT	0.227472850015	0.0293513354858	0.068095098327	0.675080716173	0.772527149985
m1A_CCATT	0.0644599303136	0.590156794425	0.00587979094077	0.339503484321	0.935540069686
m1A_CGATT	0.0770602925437	0.0420977524081	0.712272565109	0.168569389939	0.922939707456
m1A_CTATT	0.159027777778	0.0329861111111	0.0131944444444	0.794791666667	0.840972222222
m1A_GAATT	0.225835348921	0.103556391651	0.0396846725791	0.630923586849	0.774164651079
m1A_GCATT	0.099143955276	0.340583508036	0.00768693221523	0.552585604472	0.900856044724
m1A_GGATT	0.205344246509	0.270052961001	0.130332209918	0.394270582571	0.794655753491
m1A_GTATT	0.171763175016	0.117575982898	0.00808625336927	0.702574588716	0.828236824984
m1A_TAATT	0.298355263158	0.0421052631579	0.0427631578947	0.616776315789	0.701644736842
m1A_TCATT	0.149023171286	0.28532485234	0.0109041344843	0.55474784189	0.850976828714
m1A_TGATT	0.0977857570317	0.0523638539797	0.647277079593	0.202573309396	0.902214242968
m1A_TTATT	0.58561897702	0.0808005930319	0.0244625648629	0.309117865085	0.41438102298

