{
 "cells": [
  {
   "cell_type": "markdown",
   "metadata": {},
   "source": [
    "### This is a small sample of the analysis for my post-doctoral work on RNA modifications. \n",
    "\n",
    " What this small notebook will show just a quick run-through of the thought process behind some of the work I've done and how I attempt to visualize with some meaning the results I find.\n",
    "\n",
    " So, for this, we're going to be examining the result of one type of output for the 256 signatures for 1-methyladenosine (m1A)   in biological context: \n",
    " \n",
    "#### NN-(m1A)-NN\n",
    "\n",
    " with N = A,C,G,T. \n",
    "\n",
    " \n",
    " For our sequencing data, the signal we see comes in 3 main flavors: \n",
    " \n",
    " * the proper incorporation of the template nucleotide; so, if we start with an A in the sequence, we see an A\n",
    " * a mutation: if the sequence contains an A, but instead we see a C, G, or T\n",
    " * a truncation: signal drops off at a site\n",
    " \n",
    "Here, we'll be focusing on mutations only caused in deep sequencing as a result of the modification m1A. \n",
    "\n",
    "So, we're looking at signals of __C__, __G__, and __T__. \n",
    "\n",
    "\n",
    "To start, we'll import the necessary libraries we'll need: numpy for array handling, pandas to import the data, matplotlib and Axes3D for some interesting visualization, and sklearn's KMeans for clustering the data. Since we don't know what to expect, this is just an unsupervised learning to see what we'll find.\n",
    "\n"
   ]
  },
  {
   "cell_type": "code",
   "execution_count": 1,
   "metadata": {
    "collapsed": true
   },
   "outputs": [],
   "source": [
    "import numpy as np\n",
    "import pandas as pd\n",
    "import matplotlib.pyplot as plt\n",
    "from mpl_toolkits.mplot3d import Axes3D\n",
    "from sklearn.cluster import KMeans"
   ]
  },
  {
   "cell_type": "markdown",
   "metadata": {},
   "source": [
    "Importing the data and making sure everything looks good. \n",
    "\n",
    "The data contains several columns:\n",
    "\n",
    "1. The signature of the modification, so the A in the center with flanking random letters on either side (Remember, NNm1ANN)\n",
    "\n",
    "2. Several columns containing the ratio of incorporated nucleotide at that position. \n",
    "\n",
    "3. The last column is just the ratio of non-A signal in this case. \n",
    "\n"
   ]
  },
  {
   "cell_type": "code",
   "execution_count": 2,
   "metadata": {
    "collapsed": false
   },
   "outputs": [
    {
     "data": {
      "text/html": [
       "<div>\n",
       "<table border=\"1\" class=\"dataframe\">\n",
       "  <thead>\n",
       "    <tr style=\"text-align: right;\">\n",
       "      <th></th>\n",
       "      <th>Signature</th>\n",
       "      <th>A_Ratio</th>\n",
       "      <th>C_Ratio</th>\n",
       "      <th>G_Ratio</th>\n",
       "      <th>T_Ratio</th>\n",
       "      <th>Mismatch</th>\n",
       "    </tr>\n",
       "  </thead>\n",
       "  <tbody>\n",
       "    <tr>\n",
       "      <th>0</th>\n",
       "      <td>m1A_AAAAA</td>\n",
       "      <td>0.451737</td>\n",
       "      <td>0.058301</td>\n",
       "      <td>0.037452</td>\n",
       "      <td>0.452510</td>\n",
       "      <td>0.548263</td>\n",
       "    </tr>\n",
       "    <tr>\n",
       "      <th>1</th>\n",
       "      <td>m1A_ACAAA</td>\n",
       "      <td>0.354586</td>\n",
       "      <td>0.303444</td>\n",
       "      <td>0.015684</td>\n",
       "      <td>0.326287</td>\n",
       "      <td>0.645414</td>\n",
       "    </tr>\n",
       "    <tr>\n",
       "      <th>2</th>\n",
       "      <td>m1A_AGAAA</td>\n",
       "      <td>0.299775</td>\n",
       "      <td>0.100982</td>\n",
       "      <td>0.449560</td>\n",
       "      <td>0.149683</td>\n",
       "      <td>0.700225</td>\n",
       "    </tr>\n",
       "    <tr>\n",
       "      <th>3</th>\n",
       "      <td>m1A_ATAAA</td>\n",
       "      <td>0.372769</td>\n",
       "      <td>0.068603</td>\n",
       "      <td>0.022401</td>\n",
       "      <td>0.536227</td>\n",
       "      <td>0.627231</td>\n",
       "    </tr>\n",
       "    <tr>\n",
       "      <th>4</th>\n",
       "      <td>m1A_CAAAA</td>\n",
       "      <td>0.486603</td>\n",
       "      <td>0.034734</td>\n",
       "      <td>0.030764</td>\n",
       "      <td>0.447899</td>\n",
       "      <td>0.513397</td>\n",
       "    </tr>\n",
       "  </tbody>\n",
       "</table>\n",
       "</div>"
      ],
      "text/plain": [
       "   Signature   A_Ratio   C_Ratio   G_Ratio   T_Ratio  Mismatch\n",
       "0  m1A_AAAAA  0.451737  0.058301  0.037452  0.452510  0.548263\n",
       "1  m1A_ACAAA  0.354586  0.303444  0.015684  0.326287  0.645414\n",
       "2  m1A_AGAAA  0.299775  0.100982  0.449560  0.149683  0.700225\n",
       "3  m1A_ATAAA  0.372769  0.068603  0.022401  0.536227  0.627231\n",
       "4  m1A_CAAAA  0.486603  0.034734  0.030764  0.447899  0.513397"
      ]
     },
     "execution_count": 2,
     "metadata": {},
     "output_type": "execute_result"
    }
   ],
   "source": [
    "sig_df = pd.read_csv('./Aggregate.txt',sep='\\t', header = 0)\n",
    "sig_df.head()"
   ]
  },
  {
   "cell_type": "markdown",
   "metadata": {},
   "source": [
    "So, again, we're looking at mutations only. So, in this case, we just want to see the non-A ratios, so we'll throw this into a numpy array since we can't use pandas' dataframes with our scikit-learn tools."
   ]
  },
  {
   "cell_type": "code",
   "execution_count": 3,
   "metadata": {
    "collapsed": false
   },
   "outputs": [],
   "source": [
    "sig_np = sig_df.as_matrix(columns=['C_Ratio','G_Ratio','T_Ratio'])"
   ]
  },
  {
   "cell_type": "markdown",
   "metadata": {},
   "source": [
    "We need to make one quick adjustment here. As you can see above, even though there is a modification at this position, it will sometimes incorporate the right letter in the output. \n",
    "\n",
    "To account for variable incorporation, we'll normalize these *mutational* columns to add to 1. "
   ]
  },
  {
   "cell_type": "code",
   "execution_count": 5,
   "metadata": {
    "collapsed": true
   },
   "outputs": [
    {
     "data": {
      "text/plain": [
       "array([[ 0.10633803,  0.06830986,  0.82535211],\n",
       "       [ 0.4701532 ,  0.02430005,  0.50554675],\n",
       "       [ 0.14421391,  0.64202221,  0.21376388],\n",
       "       [ 0.109375  ,  0.03571429,  0.85491071],\n",
       "       [ 0.06765464,  0.05992268,  0.87242268],\n",
       "       [ 0.29621381,  0.06978471,  0.63400148],\n",
       "       [ 0.12538298,  0.68889936,  0.18571765],\n",
       "       [ 0.06771745,  0.03794513,  0.89433742],\n",
       "       [ 0.09435298,  0.04761905,  0.85802797],\n",
       "       [ 0.39484741,  0.01227333,  0.59287926],\n",
       "       [ 0.27017115,  0.34646915,  0.3833597 ],\n",
       "       [ 0.09769274,  0.01744513,  0.88486213],\n",
       "       [ 0.11984283,  0.05108055,  0.82907662],\n",
       "       [ 0.43706294,  0.02497502,  0.53796204],\n",
       "       [ 0.13468047,  0.66165638,  0.20366315],\n",
       "       [ 0.16911046,  0.06549365,  0.76539589],\n",
       "       [ 0.07747148,  0.03707224,  0.88545627],\n",
       "       [ 0.19897586,  0.02231163,  0.77871251],\n",
       "       [ 0.19885532,  0.29535472,  0.50578996],\n",
       "       [ 0.08013787,  0.02068074,  0.89918139],\n",
       "       [ 0.07650042,  0.04564666,  0.87785292],\n",
       "       [ 0.20892594,  0.01716528,  0.77390878],\n",
       "       [ 0.15056596,  0.29732631,  0.55210773],\n",
       "       [ 0.0495283 ,  0.01375786,  0.93671384],\n",
       "       [ 0.09122882,  0.03516999,  0.87360119],\n",
       "       [ 0.20411392,  0.00830696,  0.78757911],\n",
       "       [ 0.22387047,  0.14662385,  0.62950568],\n",
       "       [ 0.07993894,  0.01084599,  0.90921507],\n",
       "       [ 0.10519248,  0.0340197 ,  0.86078782],\n",
       "       [ 0.18181818,  0.01318182,  0.805     ],\n",
       "       [ 0.16568468,  0.33340106,  0.50091426],\n",
       "       [ 0.11054638,  0.02414231,  0.86531131],\n",
       "       [ 0.08003716,  0.04685426,  0.87310857],\n",
       "       [ 0.23445046,  0.02370847,  0.74184107],\n",
       "       [ 0.22272871,  0.40937621,  0.36789509],\n",
       "       [ 0.07776682,  0.02390929,  0.89832388],\n",
       "       [ 0.06241207,  0.05512214,  0.88246579],\n",
       "       [ 0.18912975,  0.02701854,  0.78385171],\n",
       "       [ 0.18654486,  0.44439593,  0.36905921],\n",
       "       [ 0.06347116,  0.02106927,  0.91545957],\n",
       "       [ 0.08448978,  0.04411924,  0.87139098],\n",
       "       [ 0.20974219,  0.01449986,  0.77575795],\n",
       "       [ 0.25831099,  0.26356004,  0.47812897],\n",
       "       [ 0.07694324,  0.01362755,  0.90942922],\n",
       "       [ 0.08671946,  0.04959107,  0.86368947],\n",
       "       [ 0.20097184,  0.02155495,  0.77747321],\n",
       "       [ 0.20925638,  0.43678375,  0.35395988],\n",
       "       [ 0.09867578,  0.02591485,  0.87540937],\n",
       "       [ 0.1287594 ,  0.0681391 ,  0.8031015 ],\n",
       "       [ 0.42794182,  0.02996915,  0.54208903],\n",
       "       [ 0.17584146,  0.54797106,  0.27618748],\n",
       "       [ 0.12953139,  0.03492485,  0.83554377],\n",
       "       [ 0.09027493,  0.07509233,  0.83463275],\n",
       "       [ 0.27312296,  0.02665941,  0.70021763],\n",
       "       [ 0.13121156,  0.59670019,  0.27208826],\n",
       "       [ 0.11440678,  0.02076271,  0.86483051],\n",
       "       [ 0.15246949,  0.06019756,  0.78733295],\n",
       "       [ 0.4295846 ,  0.01485984,  0.55555556],\n",
       "       [ 0.27903245,  0.35532913,  0.36563841],\n",
       "       [ 0.15690534,  0.01746178,  0.82563288],\n",
       "       [ 0.12634409,  0.06221198,  0.81144393],\n",
       "       [ 0.43068318,  0.01997603,  0.54934079],\n",
       "       [ 0.1449463 ,  0.57346333,  0.28159037],\n",
       "       [ 0.2027761 ,  0.03741702,  0.75980688],\n",
       "       [ 0.03008299,  0.24792531,  0.7219917 ],\n",
       "       [ 0.23837209,  0.10912343,  0.65250447],\n",
       "       [ 0.08546297,  0.73945085,  0.17508618],\n",
       "       [ 0.03933949,  0.15541525,  0.80524526],\n",
       "       [ 0.0351682 ,  0.23318043,  0.73165138],\n",
       "       [ 0.34794275,  0.08810376,  0.56395349],\n",
       "       [ 0.07902914,  0.73813723,  0.18283363],\n",
       "       [ 0.03539493,  0.07898659,  0.88561848],\n",
       "       [ 0.06859206,  0.21695586,  0.71445208],\n",
       "       [ 0.34661869,  0.0655042 ,  0.58787711],\n",
       "       [ 0.19769207,  0.46219253,  0.3401154 ],\n",
       "       [ 0.09556429,  0.07703537,  0.82740034],\n",
       "       [ 0.03819283,  0.24592455,  0.71588263],\n",
       "       [ 0.29702471,  0.13313162,  0.56984367],\n",
       "       [ 0.08347127,  0.73997005,  0.17655868],\n",
       "       [ 0.11835749,  0.30797101,  0.5736715 ],\n",
       "       [ 0.06340378,  0.17185762,  0.7647386 ],\n",
       "       [ 0.16901408,  0.05784708,  0.77313883],\n",
       "       [ 0.13895782,  0.35410889,  0.50693329],\n",
       "       [ 0.07952411,  0.09329994,  0.82717595],\n",
       "       [ 0.06541683,  0.14559234,  0.78899083],\n",
       "       [ 0.22804314,  0.05649718,  0.71545968],\n",
       "       [ 0.13728776,  0.30428954,  0.5584227 ],\n",
       "       [ 0.06850364,  0.05319556,  0.8783008 ],\n",
       "       [ 0.13771237,  0.12766212,  0.73462551],\n",
       "       [ 0.46589072,  0.02489492,  0.50921435],\n",
       "       [ 0.30743201,  0.18047374,  0.51209425],\n",
       "       [ 0.18687933,  0.04383589,  0.76928478],\n",
       "       [ 0.07181088,  0.16592328,  0.76226583],\n",
       "       [ 0.27178423,  0.09681881,  0.63139696],\n",
       "       [ 0.14727501,  0.34600215,  0.50672284],\n",
       "       [ 0.17056856,  0.14715719,  0.68227425],\n",
       "       [ 0.02851418,  0.1877312 ,  0.78375462],\n",
       "       [ 0.12470268,  0.08443765,  0.79085967],\n",
       "       [ 0.14642164,  0.46984039,  0.38373797],\n",
       "       [ 0.03192083,  0.10022303,  0.86785615],\n",
       "       [ 0.02741573,  0.1694382 ,  0.80314607],\n",
       "       [ 0.18879415,  0.0816078 ,  0.72959805],\n",
       "       [ 0.15620002,  0.48030137,  0.36349861],\n",
       "       [ 0.02905682,  0.06924429,  0.90169889],\n",
       "       [ 0.06642964,  0.18782747,  0.74574289],\n",
       "       [ 0.25640658,  0.05225619,  0.69133723],\n",
       "       [ 0.23592968,  0.29320205,  0.47086827],\n",
       "       [ 0.07005785,  0.06056254,  0.86937961],\n",
       "       [ 0.0300158 ,  0.17839349,  0.79159072],\n",
       "       [ 0.15700609,  0.11227154,  0.73072237],\n",
       "       [ 0.16403707,  0.45247421,  0.38348872],\n",
       "       [ 0.08253621,  0.20032796,  0.71713583],\n",
       "       [ 0.05391658,  0.33214649,  0.61393693],\n",
       "       [ 0.39801489,  0.08287841,  0.5191067 ],\n",
       "       [ 0.07301075,  0.75322581,  0.17376344],\n",
       "       [ 0.0940919 ,  0.10940919,  0.79649891],\n",
       "       [ 0.053125  ,  0.29756944,  0.64930556],\n",
       "       [ 0.45134228,  0.0545302 ,  0.49412752],\n",
       "       [ 0.07509254,  0.74131853,  0.18358893],\n",
       "       [ 0.07953377,  0.06753514,  0.85293109],\n",
       "       [ 0.19372598,  0.2531422 ,  0.55313182],\n",
       "       [ 0.53926925,  0.04106198,  0.41966877],\n",
       "       [ 0.27370078,  0.47935058,  0.24694865],\n",
       "       [ 0.25549818,  0.06301396,  0.68148786],\n",
       "       [ 0.07765568,  0.3       ,  0.62234432],\n",
       "       [ 0.49269521,  0.0836272 ,  0.42367758],\n",
       "       [ 0.07921125,  0.75933778,  0.16145097],\n",
       "       [ 0.26582278,  0.22200584,  0.51217137],\n",
       "       [ 0.04463811,  0.02933741,  0.92602448],\n",
       "       [ 0.14231748,  0.02266595,  0.83501658],\n",
       "       [ 0.14938801,  0.42812715,  0.42248484],\n",
       "       [ 0.04790698,  0.01837209,  0.93372093],\n",
       "       [ 0.05604841,  0.05398528,  0.8899663 ],\n",
       "       [ 0.32275096,  0.01775919,  0.65948985],\n",
       "       [ 0.12734986,  0.4753805 ,  0.39726964],\n",
       "       [ 0.04901848,  0.01148961,  0.93949192],\n",
       "       [ 0.06140383,  0.03121617,  0.90738001],\n",
       "       [ 0.14153603,  0.01219271,  0.84627126],\n",
       "       [ 0.22998193,  0.13781472,  0.63220334],\n",
       "       [ 0.05000261,  0.01132209,  0.9386753 ],\n",
       "       [ 0.06480978,  0.03091033,  0.90427989],\n",
       "       [ 0.1151136 ,  0.01258269,  0.87230371],\n",
       "       [ 0.14212388,  0.42637164,  0.43150447],\n",
       "       [ 0.08020959,  0.02720677,  0.89258364],\n",
       "       [ 0.02918751,  0.03845208,  0.93236042],\n",
       "       [ 0.06690113,  0.02309967,  0.9099992 ],\n",
       "       [ 0.12060831,  0.18619614,  0.69319555],\n",
       "       [ 0.03293687,  0.02172919,  0.94533394],\n",
       "       [ 0.03872437,  0.14677297,  0.81450266],\n",
       "       [ 0.29949271,  0.02517177,  0.67533552],\n",
       "       [ 0.10951087,  0.26566206,  0.62482708],\n",
       "       [ 0.0342656 ,  0.01555844,  0.95017596],\n",
       "       [ 0.03752579,  0.05114828,  0.91132593],\n",
       "       [ 0.03106135,  0.01571126,  0.95322739],\n",
       "       [ 0.14805538,  0.05346674,  0.79847788],\n",
       "       [ 0.03419677,  0.01235651,  0.95344672],\n",
       "       [ 0.05071717,  0.04350582,  0.905777  ],\n",
       "       [ 0.02748528,  0.02016777,  0.95234696],\n",
       "       [ 0.11279159,  0.2183799 ,  0.66882851],\n",
       "       [ 0.05501082,  0.02839679,  0.91659239],\n",
       "       [ 0.0448201 ,  0.05629653,  0.89888337],\n",
       "       [ 0.08883214,  0.03398441,  0.87718345],\n",
       "       [ 0.19694034,  0.24598292,  0.55707674],\n",
       "       [ 0.04513005,  0.03023491,  0.92463503],\n",
       "       [ 0.0485096 ,  0.16959303,  0.78189737],\n",
       "       [ 0.24816136,  0.02593604,  0.72590261],\n",
       "       [ 0.17414942,  0.25831168,  0.56753891],\n",
       "       [ 0.04864756,  0.02211253,  0.92923991],\n",
       "       [ 0.05152823,  0.0548768 ,  0.89359497],\n",
       "       [ 0.06204784,  0.0218519 ,  0.91610025],\n",
       "       [ 0.21301139,  0.12475846,  0.66223014],\n",
       "       [ 0.02562035,  0.01911003,  0.95526962],\n",
       "       [ 0.06438578,  0.05310105,  0.88251317],\n",
       "       [ 0.0663802 ,  0.02602269,  0.90759711],\n",
       "       [ 0.19023131,  0.24406038,  0.56570831],\n",
       "       [ 0.06180946,  0.03279828,  0.90539226],\n",
       "       [ 0.05331599,  0.05872288,  0.88796113],\n",
       "       [ 0.12892501,  0.02733653,  0.84373846],\n",
       "       [ 0.13667397,  0.37331519,  0.49001083],\n",
       "       [ 0.05211377,  0.02504323,  0.922843  ],\n",
       "       [ 0.06057509,  0.14384028,  0.79558463],\n",
       "       [ 0.29951255,  0.02244689,  0.67804056],\n",
       "       [ 0.11681206,  0.40939715,  0.47379079],\n",
       "       [ 0.05386328,  0.01482326,  0.93131346],\n",
       "       [ 0.07200099,  0.06479814,  0.86320087],\n",
       "       [ 0.13521048,  0.01621352,  0.848576  ],\n",
       "       [ 0.21373895,  0.13081417,  0.65544688],\n",
       "       [ 0.05858042,  0.01468008,  0.92673949],\n",
       "       [ 0.06996236,  0.05476241,  0.87527523],\n",
       "       [ 0.10500175,  0.02252536,  0.87247289],\n",
       "       [ 0.13600741,  0.37500695,  0.48898564],\n",
       "       [ 0.10841189,  0.02764685,  0.86394126],\n",
       "       [ 0.04342922,  0.03271292,  0.92385787],\n",
       "       [ 0.29558442,  0.02233766,  0.68207792],\n",
       "       [ 0.09268293,  0.70011086,  0.20720621],\n",
       "       [ 0.05293441,  0.03222094,  0.91484465],\n",
       "       [ 0.03539446,  0.04307036,  0.92153518],\n",
       "       [ 0.54804854,  0.01279108,  0.43916038],\n",
       "       [ 0.07009796,  0.77003372,  0.15986832],\n",
       "       [ 0.0398992 ,  0.01679966,  0.94330113],\n",
       "       [ 0.08316378,  0.03242625,  0.88440997],\n",
       "       [ 0.39457962,  0.00718677,  0.59823361],\n",
       "       [ 0.31662706,  0.20565997,  0.47771297],\n",
       "       [ 0.0846902 ,  0.00917932,  0.90613048],\n",
       "       [ 0.04857704,  0.04121688,  0.91020608],\n",
       "       [ 0.37790698,  0.01585624,  0.60623679],\n",
       "       [ 0.08998908,  0.7228249 ,  0.18718602],\n",
       "       [ 0.11658031,  0.09715026,  0.78626943],\n",
       "       [ 0.04375615,  0.03441495,  0.92182891],\n",
       "       [ 0.09102731,  0.01603814,  0.89293455],\n",
       "       [ 0.11290127,  0.29678982,  0.5903089 ],\n",
       "       [ 0.04636092,  0.02143569,  0.93220339],\n",
       "       [ 0.03341809,  0.04322557,  0.92335634],\n",
       "       [ 0.4013901 ,  0.01071532,  0.58789458],\n",
       "       [ 0.08791406,  0.37197851,  0.54010743],\n",
       "       [ 0.02679831,  0.01163611,  0.96156559],\n",
       "       [ 0.0933131 ,  0.02666089,  0.88002601],\n",
       "       [ 0.3116753 ,  0.00626357,  0.68206113],\n",
       "       [ 0.28541636,  0.05981999,  0.65476365],\n",
       "       [ 0.09364219,  0.00798423,  0.89837358],\n",
       "       [ 0.0337294 ,  0.03181296,  0.93445765],\n",
       "       [ 0.10294785,  0.01723356,  0.87981859],\n",
       "       [ 0.1069321 ,  0.33613974,  0.55692816],\n",
       "       [ 0.08127208,  0.03297998,  0.88574794],\n",
       "       [ 0.04460665,  0.02973777,  0.92565558],\n",
       "       [ 0.16287165,  0.00449601,  0.83263234],\n",
       "       [ 0.14931049,  0.50395185,  0.34673766],\n",
       "       [ 0.04413063,  0.02177111,  0.93409826],\n",
       "       [ 0.03985656,  0.04907787,  0.91106557],\n",
       "       [ 0.36065217,  0.00521739,  0.63413043],\n",
       "       [ 0.12343548,  0.57337074,  0.30319379],\n",
       "       [ 0.03619289,  0.01171257,  0.95209454],\n",
       "       [ 0.08872005,  0.03071999,  0.88055996],\n",
       "       [ 0.31752251,  0.00208403,  0.68039346],\n",
       "       [ 0.34242528,  0.13294249,  0.52463223],\n",
       "       [ 0.09209659,  0.00813544,  0.89976797],\n",
       "       [ 0.04314018,  0.03866638,  0.91819344],\n",
       "       [ 0.20011427,  0.00514212,  0.79474361],\n",
       "       [ 0.14071339,  0.53003411,  0.32925249],\n",
       "       [ 0.12152318,  0.04768212,  0.8307947 ],\n",
       "       [ 0.05774278,  0.06102362,  0.8812336 ],\n",
       "       [ 0.25355076,  0.01841136,  0.72803787],\n",
       "       [ 0.07087219,  0.6697751 ,  0.25935272],\n",
       "       [ 0.05751534,  0.03297546,  0.9095092 ],\n",
       "       [ 0.03799392,  0.0881459 ,  0.87386018],\n",
       "       [ 0.63081937,  0.00628492,  0.36289572],\n",
       "       [ 0.04561268,  0.77174333,  0.18264399],\n",
       "       [ 0.03922378,  0.01568951,  0.94508671],\n",
       "       [ 0.13376533,  0.05126128,  0.81497339],\n",
       "       [ 0.37806652,  0.00853292,  0.61340056],\n",
       "       [ 0.33983641,  0.16401091,  0.49615268],\n",
       "       [ 0.14195938,  0.00976321,  0.84827741],\n",
       "       [ 0.06000938,  0.06094702,  0.8790436 ],\n",
       "       [ 0.33529098,  0.01281367,  0.65189536],\n",
       "       [ 0.05803927,  0.71743168,  0.22452905],\n",
       "       [ 0.19499106,  0.05903399,  0.74597496]])"
      ]
     },
     "execution_count": 5,
     "metadata": {},
     "output_type": "execute_result"
    }
   ],
   "source": [
    "sig_np = sig_np/sig_np.sum(axis=1)[:,None]\n",
    "sig_np"
   ]
  },
  {
   "cell_type": "markdown",
   "metadata": {},
   "source": [
    "Now let's just take a look at the data. Very basic 3-D plot, just showing the rough scatter of the ratios of misincorporation."
   ]
  },
  {
   "cell_type": "code",
   "execution_count": 7,
   "metadata": {
    "collapsed": false
   },
   "outputs": [
    {
     "data": {
